Final estilo libre 400 metros Londres 2012 Hombres y Mujeres
temp<-scan(what=c(’’,’’,0,0,0,0,0,0,0,0,0,0,0,0,0,0))
CHN Sun 25.83 53.59 1 21.93 1 50.52 2 18.50 2 46.64 3 13.74 3 40.14
KOR Park 25.57 53.34 1 21.75 1 50.20 2 18.47 2 46.63 3 14.64 3 42.06
USA Vanderkaay 26.27 54.72 1 23.32 1 51.98 2 20.12 2 48.63 3 16.38 3 44.69
CHN Hao 25.88 53.97 1 22.54 1 51.22 2 19.56 2 48.32 3 17.14 3 46.02
USA Dwyer 26.26 54.68 1 23.22 1 52.05 2 20.84 2 49.49 3 17.95 3 46.39
HUN Kis 26.66 55.08 1 23.82 1 52.86 2 21.73 2 50.78 3 19.38 3 47.03
GBR Carry 26.16 54.44 1 23.16 1 52.01 2 20.71 2 49.82 3 19.14 3 48.62
AUS Napoleon 26.06 54.75 1 23.53 1 53.20 2 22.13 2 51.31 3 20.51 3 49.25
CHN Sun 26.20 54.54 1 23.46 1 52.50 2 20.86 2 49.69 3 17.38 3 45.07
USA Vanderkaay 26.47 54.93 1 23.65 1 52.62 2 21.07 2 49.49 3 17.88 3 45.80
USA Dwyer 26.54 55.23 1 23.58 1 52.31 2 20.92 2 49.42 3 17.99 3 46.24
CHN Hao 26.20 54.89 1 24.00 1 53.19 2 21.87 2 50.45 3 18.75 3 46.88
DEN Joensen 26.59 54.85 1 23.59 1 52.54 2 21.08 2 49.82 3 18.43 3 47.36
VEN Quintero 26.79 55.47 1 24.14 1 53.29 2 22.31 2 51.96 3 21.61 3 50.44
ITA Pizzeti 26.69 55.18 1 24.57 1 54.00 2 23.45 2 52.95 3 22.47 3 50.93
SUI Meichtry 26.43 55.21 1 24.43 1 53.91 2 23.07 2 52.39 3 22.23 3 51.34
KOR Park 25.86 54.14 1 22.98 1 52.05 2 21.04 2 50.01 3 18.56 3 46.68
HIN Kis 26.62 54.74 1 23.56 1 52.45 2 21.58 2 50.87 3 19.38 3 46.77
AUS Napoleon 25.94 54.34 1 23.05 1 52.10 2 21.24 2 50.16 3 18.83 3 47.01
GBR Carry 25.88 53.97 1 22.76 1 51.83 2 20.60 2 49.44 3 18.52 3 47.25
AUS Mackeon 26.11 54.14 1 23.04 1 52.07 2 21.19 2 50.37 3 19.59 3 48.57
UKR Frolov 26.86 55.25 1 24.12 1 53.41 2 23.04 2 52.20 3 21.64 3 50.63
FIN Koski 26.07 54.57 1 23.62 1 53.36 2 23.08 2 53.95 3 24.62 3 54.96
RSA Herman 26.89 55.71 1 25.48 1 55.72 2 26.36 2 56.80 3 27.21 3 57.28
CAN Cochrane 26.78 55.02 1 23.72 1 52.41 2 21.79 2 50.94 3 19.73 3 47.26
GBR Renwick 26.05 54.38 1 23.14 1 52.24 2 21.29 2 50.64 3 18.98 3 47.44
DEN Glaesner 26.68 55.08 1 23.93 1 52.73 2 21.73 2 50.75 3 20.02 3 48.27
GER Biedemann 26.32 54.36 1 23.11 1 52.41 2 21.76 2 51.30 3 20.08 3 48.50
NZL Stanley 26.64 55.41 1 24.23 1 53.22 2 22.45 2 51.57 3 20.46 3 49.44
RUS Degtyarev 26.69 55.10 1 23.49 1 52.45 2 21.82 2 51.56 3 22.14 3 52.33
SRB Markovic 27.11 56.29 1 25.43 1 55.69 2 25.62 2 56.06 3 26.12 3 55.35
ARG Pereyra 27.24 56.26 1 26.28 1 56.44 2 26.48 2 56.48 3 26.97 3 56.76
POL Sawrymowicz 28.21 57.73 1 27.45 1 57.10 2 26.65 2 56.06 3 25.32 3 53.33
COL Angulo 27.88 57.91 1 27.94 1 58.13 2 28.33 2 58.86 3 28.77 3 57.76
PLE Gebrel 28.28 58.62 1 29.53 2 01.03 2 32.64 3 04.67 3 36.93 4 08.51
HON Gutierrez 28.42 58.65 1 29.52 2 00.68 2 31.82 3 03.79 3 36.20 4 09.10
FRA Muffat 27.61 57.83 1 28.66 1 59.50 2 29.89 3 00.67 3 31.13 4 01.45
USA Schmitt 28.05 58.11 1 28.84 1 59.88 2 30.36 3 01.11 3 31.68 4 01.77
GBR Adlington 28.35 58.97 1 29.86 2 00.90 2 31.64 3 02.79 3 33.35 4 03.01
DEN Friis 28.37 58.80 1 29.64 2 00.53 2 31.74 3 02.97 3 34.13 4 03.98
ITA Pellegrini 28.13 58.47 1 29.30 2 00.62 2 31.56 3 02.99 3 34.15 4 04.50
FRA Balmy 28.42 58.75 1 29.44 2 00.49 2 31.45 3 02.67 3 34.30 4 05.95
CAN Mclean 28.66 59.54 1 30.94 2 02.37 2 33.88 3 05.51 3 36.57 4 06.24
NZL Boyle 28.57 59.15 1 29.93 2 01.08 2 32.44 3 04.06 3 35.58 4 06.25
FRA Muffat 27.99 58.52 1 29.38 2 00.55 2 30.91 3 01.65 3 32.51 4 03.29
USA Schmitt 28.10 58.35 1 28.61 1 59.21 2 29.95 3 00.93 3 32.39 4 03.31
NZL Boyle 28.46 59.21 1 29.81 2 01.01 2 31.63 3 02.67 3 33.31 4 03.63
DEN Friis 28.34 58.65 1 29.06 2 00.08 2 31.11 3 02.31 3 33.50 4 04.22
ESP Schmid 28.57 59.22 1 29.93 2 01.11 2 32.09 3 03.66 3 35.51 4 06.75
AUS Barratt 28.45 58.97 1 29.58 2 00.65 2 31.37 3 02.52 3 35.06 4 07.99
HUN Kapas 28.71 59.44 1 30.61 2 02.31 2 33.85 3 06.17 3 38.42 4 10.01
RUS Sokolova 28.88 59.70 1 31.19 2 03.33 2 34.92 3 07.12 3 39.98 4 12.19
FRA Balmy 28.53 59.10 1 29.75 2 00.70 2 31.40 3 02.32 3 33.11 4 03.56
CAN Maclean 28.32 58.98 1 29.72 2 00.82 2 32.12 3 03.46 3 34.68 4 05.06
ITA Pellegrini 28.76 59.57 1 30.89 2 02.10 2 32.63 3 03.40 3 34.52 4 05.30
AUS Palmer 28.79 59.55 1 30.90 2 02.15 2 33.26 3 04.48 3 35.86 4 07.27
CHN Shao 28.86 59.91 1 31.56 2 03.51 2 34.88 3 06.49 3 38.19 4 08.41
VEN Perez 28.90 59.90 1 31.29 2 02.98 2 34.61 3 06.19 3 37.78 4 08.45
CAN King 29.43 60.33 1 31.88 2 03.43 2 34.88 3 06.83 3 39.05 4 10.93
IRL Murphy 29.14 60.29 1 32.44 2 04.81 2 37.72 3 11.54 3 45.45 4 19.07
GBR Adlington 28.42 58.66 1 29.51 2 00.80 2 32.09 3 03.58 3 35.21 4 05.75
USA Sutton 28.99 60.03 1 31.40 2 02.88 2 34.32 3 05.53 3 36.86 4 07.07
ESP Garcia 29.23 60.48 1 31.99 2 03.48 2 34.83 3 06.46 3 37.84 4 08.23
HUN Risztov 29.33 60.52 1 32.05 2 03.89 2 35.38 3 07.21 3 38.83 4 09.08
CHN Li 29.17 60.03 1 31.38 2 03.21 2 35.28 3 07.87 3 39.81 4 10.95
ROU Potec 29.42 60.79 1 32.25 2 03.982 35.723 07.913 40.09 4 11.43
GBR Jackson 29.34 60.22 1 31.59 2 03.26 2 35.22 3 07.45 3 39.68 4 11.50
RSA Trott 29.60 61.11 1 32.81 2 04.66 2 36.42 3 08.24 3 40.18 4 11.63
BUL Rangelova 28.93 60.48 1 32.65 2 04.82 2 36.60 3 08.54 3 40.38 4 11.71
CHI Kobrich 30.03 61.52 1 33.10 2 05.01 2 36.94 3 08.82 3 40.75 4 12.02
JPN Takano 29.28 60.98 1 33.03 2 04.97 2 36.61 3 08.78 3 40.77 4 12.33
LIE Hassler 29.15 60.42 1 32.27 2 04.25 2 36.39 3 08.62 3 41.02 4 12.99
MEX Torres 30.04 61.88 1 33.90 2 05.88 2 37.85 3 09.83 3 42.27 4 14.78
THA Junkrajang 29.60 61.95 1 34.18 2 06.83 2 38.94 3 12.12 3 44.97 4 16.45
SIN Lim 29.88 61.59 1 33.67 2 06.20 2 38.75 3 11.73 3 45.00 4 18.64
KOR Kim 29.91 62.62 1 37.42 2 13.67 2 51.02 3 29.22 4 07.10 4 43.46
SLO Sagmeister 29.93 62.06 1 34.84 2 07.93 2 40.97 3 14.67 3 48.82 4 21.55
PER Rodriguez 29.81 62.15 1 35.17 2 08.72 2 42.47 3 17.10 3 51.15 4 24.18
TKM Saryyeva 33.60 73.10 1 56.80 2 42.18 3 27.36 4 12.39 4 57.43 5 40.29